Run out rate method

mean: 3.779144152322965%
min: 0.0%
max: 18.837508028259475%
SD: 2.8892769933929648%
95% CI: (3.599850976766328%, 3.958437327879602%)



LP method

mean: 2.139955403568151%
min: 0.0%
max: 11.220297579391514%
SD: 2.0450306140257557%
95% CI: (2.013051671687243%, 2.266859135449059%)
